0.000,0.000,0.000,0.000,0.000
0.050,0.000,-0.000,-0.000,0.050
0.100,0.000,0.000,0.000,0.100
0.150,-0.000,-0.000,-0.000,0.150
0.200,0.000,0.000,0.000,0.200
0.250,0.000,-0.000,-0.000,0.250
0.300,0.000,0.000,0.000,0.300
0.350,-0.000,-0.000,-0.000,0.350
0.400,0.000,0.000,0.000,0.400
0.450,0.000,-0.000,-0.000,0.450
0.500,0.000,0.000,0.000,0.500
0.550,0.000,-0.000,-0.000,0.550
0.600,0.000,0.000,0.000,0.600
0.650,0.000,-0.000,-0.000,0.650
0.700,0.000,0.000,0.000,0.700
0.750,0.000,-0.000,-0.000,0.750
0.800,0.000,0.000,0.000,0.800
0.850,-0.000,-0.000,-0.000,0.850
0.900,0.000,0.000,0.000,0.900
0.950,-0.000,-0.000,-0.000,0.950
1.000,0.000,0.000,0.000,1.000
1.050,0.000,-0.000,-0.000,1.050
1.100,0.000,0.000,0.000,1.100
1.150,-0.000,-0.000,-0.000,1.150
1.200,0.000,0.000,0.000,1.200
1.250,0.000,-0.000,-0.000,1.250
1.300,0.000,0.000,0.000,1.300
1.350,0.000,-0.000,-0.000,1.350
1.400,0.000,0.000,0.000,1.400
1.450,-0.000,-0.000,-0.000,1.450
1.500,0.000,0.000,0.000,1.500
1.550,0.000,-0.000,-0.000,1.550
1.600,0.000,0.000,0.000,1.600
1.650,-0.000,-0.000,-0.000,1.650
1.700,0.000,0.000,0.000,1.700
1.750,0.000,-0.000,-0.000,1.750
1.800,0.000,0.000,0.000,1.800
1.850,0.000,-0.000,-0.000,1.850
1.900,0.000,0.000,0.000,1.900
1.950,-0.000,-0.000,-0.000,1.950
2.000,0.000,0.000,0.000,2.000
2.050,-0.000,-0.000,-0.000,2.050
2.100,0.000,0.000,0.000,2.100
2.150,0.000,-0.000,-0.000,2.150
2.200,0.000,0.000,0.000,2.200
2.250,0.000,-0.000,-0.000,2.250
2.300,0.000,0.000,0.000,2.300
2.350,0.000,-0.000,-0.001,2.350
2.400,0.000,0.000,0.004,2.400
2.450,0.000,-0.000,-0.017,2.450
2.500,0.000,0.001,0.062,2.500
2.550,-0.000,-0.003,-0.233,2.550
2.600,-0.001,-0.022,-0.527,2.600
2.650,-0.002,-0.047,-0.448,2.650
2.700,-0.005,-0.070,-0.469,2.700
2.750,-0.009,-0.093,-0.463,2.750
2.799,-0.015,-0.116,-0.464,2.800
2.849,-0.021,-0.139,-0.463,2.850
2.898,-0.028,-0.162,-0.462,2.900
2.948,-0.037,-0.186,-0.461,2.950
2.997,-0.047,-0.209,-0.460,3.000
3.046,-0.058,-0.232,-0.459,3.050
3.094,-0.070,-0.254,-0.458,3.100
3.142,-0.083,-0.277,-0.456,3.150
3.190,-0.097,-0.300,-0.455,3.200
3.238,-0.112,-0.323,-0.453,3.250
3.285,-0.129,-0.345,-0.452,3.300
3.332,-0.146,-0.368,-0.450,3.350
3.378,-0.165,-0.390,-0.448,3.400
3.424,-0.184,-0.413,-0.446,3.450
3.470,-0.205,-0.435,-0.444,3.500
3.515,-0.227,-0.457,-0.442,3.550
3.560,-0.249,-0.479,-0.440,3.600
3.604,-0.273,-0.501,-0.437,3.650
3.647,-0.297,-0.523,-0.435,3.700
3.690,-0.323,-0.545,-0.433,3.750
3.733,-0.349,-0.566,-0.430,3.800
3.775,-0.376,-0.588,-0.428,3.850
3.816,-0.404,-0.609,-0.425,3.900
3.857,-0.433,-0.630,-0.422,3.950
3.897,-0.463,-0.651,-0.420,4.000
3.936,-0.494,-0.672,-0.417,4.050
3.975,-0.526,-0.693,-0.414,4.100
4.013,-0.558,-0.713,-0.411,4.150
4.051,-0.591,-0.734,-0.409,4.200
4.088,-0.625,-0.754,-0.406,4.250
4.124,-0.659,-0.775,-0.403,4.300
4.159,-0.695,-0.795,-0.400,4.350
4.194,-0.731,-0.815,-0.397,4.400
4.228,-0.767,-0.834,-0.394,4.450
4.261,-0.805,-0.854,-0.391,4.500
4.293,-0.843,-0.873,-0.388,4.550
4.325,-0.882,-0.893,-0.385,4.600
4.356,-0.921,-0.912,-0.382,4.650
4.386,-0.961,-0.931,-0.380,4.700
4.416,-1.001,-0.950,-0.377,4.750
4.445,-1.042,-0.969,-0.374,4.800
4.472,-1.083,-0.987,-0.371,4.850
4.500,-1.125,-1.006,-0.368,4.900
4.526,-1.168,-1.024,-0.363,4.950
4.552,-1.211,-1.042,-0.367,5.000
4.576,-1.254,-1.060,-0.345,5.050
4.600,-1.298,-1.078,-0.395,5.100
4.624,-1.342,-1.098,-0.268,5.150
